{
  "n_layers": 10,
  "d": 128,
  "n_train": 16108,
  "n_val": 2372,
  "n_test": 285,
  "per_layer_results": [
    {
      "layer_idx": 0,
      "final_loss": 1.9618080211745499,
      "val_R2": 0.11390161514282227,
      "val_spearman_rho": 0.35579132236053396,
      "val_spearman_p": 1.0164447340082252e-71,
      "val_RMSE": 1.670312762260437,
      "val_NLL": 1.9322365522384644,
      "test_R2": 0.1290234923362732,
      "test_spearman_rho": 0.4341012566236396,
      "test_spearman_p": 1.5860368650162802e-14,
      "test_RMSE": 2.0255656242370605,
      "test_NLL": 2.157546281814575
    },
    {
      "layer_idx": 1,
      "final_loss": 1.8661418517943733,
      "val_R2": 0.2131747007369995,
      "val_spearman_rho": 0.45789800287856397,
      "val_spearman_p": 2.8557461812752996e-123,
      "val_RMSE": 1.5739684104919434,
      "val_NLL": 1.8715780973434448,
      "test_R2": 0.3091484308242798,
      "test_spearman_rho": 0.5771557547545094,
      "test_spearman_p": 1.035510766890961e-26,
      "test_RMSE": 1.8039956092834473,
      "test_NLL": 2.032640218734741
    },
    {
      "layer_idx": 2,
      "final_loss": 1.8622578820017097,
      "val_R2": 0.21562081575393677,
      "val_spearman_rho": 0.4739287990192041,
      "val_spearman_p": 4.174460512318595e-133,
      "val_RMSE": 1.5715198516845703,
      "val_NLL": 1.8695725202560425,
      "test_R2": 0.34759068489074707,
      "test_spearman_rho": 0.6174069981183324,
      "test_spearman_p": 2.442721743661124e-31,
      "test_RMSE": 1.7530858516693115,
      "test_NLL": 1.995686411857605
    },
    {
      "layer_idx": 3,
      "final_loss": 1.850674786341525,
      "val_R2": 0.20539230108261108,
      "val_spearman_rho": 0.4615772542693852,
      "val_spearman_p": 1.7564401466757026e-125,
      "val_RMSE": 1.581733226776123,
      "val_NLL": 1.8762295246124268,
      "test_R2": 0.3590814471244812,
      "test_spearman_rho": 0.6398740621506853,
      "test_spearman_p": 3.172348399010638e-34,
      "test_RMSE": 1.7375787496566772,
      "test_NLL": 1.986549973487854
    },
    {
      "layer_idx": 4,
      "final_loss": 1.8498429974995745,
      "val_R2": 0.21853435039520264,
      "val_spearman_rho": 0.4651067928448678,
      "val_spearman_p": 1.2528486920564743e-127,
      "val_RMSE": 1.5685985088348389,
      "val_NLL": 1.8675472736358643,
      "test_R2": 0.3804659843444824,
      "test_spearman_rho": 0.6589619947364556,
      "test_spearman_p": 7.133267408140979e-37,
      "test_RMSE": 1.7083452939987183,
      "test_NLL": 1.9664186239242554
    },
    {
      "layer_idx": 5,
      "final_loss": 1.8404629982402907,
      "val_R2": 0.2234659194946289,
      "val_spearman_rho": 0.47867064666998077,
      "val_spearman_p": 4.068845588035523e-136,
      "val_RMSE": 1.5636411905288696,
      "val_NLL": 1.8650684356689453,
      "test_R2": 0.4270439147949219,
      "test_spearman_rho": 0.6828152361851101,
      "test_spearman_p": 1.817527683510746e-40,
      "test_RMSE": 1.6428720951080322,
      "test_NLL": 1.9234062433242798
    },
    {
      "layer_idx": 6,
      "final_loss": 1.8310596074068075,
      "val_R2": 0.23259085416793823,
      "val_spearman_rho": 0.4953093553711163,
      "val_spearman_p": 4.574075974730536e-147,
      "val_RMSE": 1.5544270277023315,
      "val_NLL": 1.8591606616973877,
      "test_R2": 0.42943692207336426,
      "test_spearman_rho": 0.681377478868688,
      "test_spearman_p": 3.0604431491145617e-40,
      "test_RMSE": 1.6394376754760742,
      "test_NLL": 1.9226601123809814
    },
    {
      "layer_idx": 7,
      "final_loss": 1.8301255342709921,
      "val_R2": 0.22144490480422974,
      "val_spearman_rho": 0.4874472677706381,
      "val_spearman_p": 8.118249768297186e-142,
      "val_RMSE": 1.5656745433807373,
      "val_NLL": 1.8672698736190796,
      "test_R2": 0.41781115531921387,
      "test_spearman_rho": 0.6736480105194864,
      "test_spearman_p": 4.791760286663359e-39,
      "test_RMSE": 1.6560560464859009,
      "test_NLL": 1.9358294010162354
    },
    {
      "layer_idx": 8,
      "final_loss": 1.8224547684029844,
      "val_R2": 0.250136137008667,
      "val_spearman_rho": 0.5117035436138934,
      "val_spearman_p": 1.8322232695833674e-158,
      "val_RMSE": 1.5365548133850098,
      "val_NLL": 1.8474522829055786,
      "test_R2": 0.431995153427124,
      "test_spearman_rho": 0.6856534266691233,
      "test_spearman_p": 6.440292719897479e-41,
      "test_RMSE": 1.6357581615447998,
      "test_NLL": 1.9210200309753418
    },
    {
      "layer_idx": 9,
      "final_loss": 1.8220993269753865,
      "val_R2": 0.23225665092468262,
      "val_spearman_rho": 0.4977971692127738,
      "val_spearman_p": 9.343840693892149e-149,
      "val_RMSE": 1.5547653436660767,
      "val_NLL": 1.8598723411560059,
      "test_R2": 0.4485170245170593,
      "test_spearman_rho": 0.6967044850687933,
      "test_spearman_p": 1.0100187183496685e-42,
      "test_RMSE": 1.6117925643920898,
      "test_NLL": 1.9034440517425537
    }
  ],
  "cka_matrix": [
    [
      1.0,
      0.5321226119995117,
      0.5303110480308533,
      0.530473530292511,
      0.5742373466491699,
      0.5287899971008301,
      0.5263460278511047,
      0.46616706252098083,
      0.5251607298851013,
      0.6169037818908691
    ],
    [
      0.5321226119995117,
      1.0,
      0.9106876254081726,
      0.8663315773010254,
      0.8609891533851624,
      0.877472996711731,
      0.8694687485694885,
      0.8497375845909119,
      0.8306401371955872,
      0.7719765305519104
    ],
    [
      0.5303110480308533,
      0.9106876254081726,
      1.0,
      0.9649274349212646,
      0.9548946022987366,
      0.941676676273346,
      0.9179421663284302,
      0.8893699049949646,
      0.8784540891647339,
      0.8208251595497131
    ],
    [
      0.530473530292511,
      0.8663315773010254,
      0.9649274349212646,
      1.0,
      0.9891476631164551,
      0.972545325756073,
      0.9474228620529175,
      0.9219487905502319,
      0.9064928889274597,
      0.8480142951011658
    ],
    [
      0.5742373466491699,
      0.8609891533851624,
      0.9548946022987366,
      0.9891476631164551,
      1.0,
      0.9829965829849243,
      0.9639205932617188,
      0.9302634000778198,
      0.9207937121391296,
      0.8700236678123474
    ],
    [
      0.5287899971008301,
      0.877472996711731,
      0.941676676273346,
      0.972545325756073,
      0.9829965829849243,
      1.0,
      0.9883019924163818,
      0.9579963088035583,
      0.9443647861480713,
      0.8843950629234314
    ],
    [
      0.5263460278511047,
      0.8694687485694885,
      0.9179421663284302,
      0.9474228620529175,
      0.9639205932617188,
      0.9883019924163818,
      1.0,
      0.975388765335083,
      0.9645375609397888,
      0.9007501602172852
    ],
    [
      0.46616706252098083,
      0.8497375845909119,
      0.8893699049949646,
      0.9219487905502319,
      0.9302634000778198,
      0.9579963088035583,
      0.975388765335083,
      1.0,
      0.9782760143280029,
      0.8932651877403259
    ],
    [
      0.5251607298851013,
      0.8306401371955872,
      0.8784540891647339,
      0.9064928889274597,
      0.9207937121391296,
      0.9443647861480713,
      0.9645375609397888,
      0.9782760143280029,
      1.0,
      0.9377747774124146
    ],
    [
      0.6169037818908691,
      0.7719765305519104,
      0.8208251595497131,
      0.8480142951011658,
      0.8700236678123474,
      0.8843950629234314,
      0.9007501602172852,
      0.8932651877403259,
      0.9377747774124146,
      1.0
    ]
  ],
  "gate1": {
    "last_layer_R2": 0.23225665092468262,
    "best_nonfinal_R2": 0.250136137008667,
    "best_nonfinal_layer": 8,
    "ratio": 1.0769815891721544,
    "threshold": 0.9,
    "gate1_pass": true,
    "decision": "PROCEED to Stage 2"
  }
}